00000000111100000000010100010011
00000000101000000000010110010011
00000000000000000000000000010011
00000000000000000000000000010011
00000000000000000000000000010011
00000000101101010000011000110011
01000000101101010000011010110011
00000000000000000000000000010011
00000000000000000000000000010011
00000000000000000000000000010011
00000000110000000010000000100011
00000000000000000000000000010011
00000000000000000000000000010011
00000000000000000000000000010011
00000000000000000010001010000011
00000000000000000000000000010011
00000000000000000000000000010011
00000000000000000000000000010011
00000000110000101001010001100011
00000000110000000000000001101111
00000000000000000000000001101111
00000000000000000001001100110111
00000000000000000000001110010111
00000000000000000000000000010011
00000000000000000000000000010011
00000000000000000000000000010011
00000000100000000000000011101111
00000000000000000000000001101111
00000000000000001000000001100111
